Current calibration constants S/N:08442,,,,,,,,,,,,,,,,,,,,,,
A1=2.945E+00,A2=1.097E+00,B1=1.024E-01,B2=9.330E-02,L1=7.206E-01,L2=8.826E-01,OC=0.000,,,,,,,,,,,,,,,,,
C1=1.154E-04, C2=2.719E-04, C3=7.129E-04, C4=6.104E-03, C5=7.027E-03,,,,,,,,,,,,,,,,,,
LNV04=7.215E+00, LNV05=6.931E+00, K=7.847E-01, B=5.945E-01, C=1.16,,,,,,,,,,,,,,,,,,,
POFFS=-1.079E+01, PSCALE=2.289E+01,,,,,,,,,,,,,,,,,,,,,,
REC#0210,,,,,,,,,,,,,,,,,,,,,,,
FIELDS:,,,,,,,,,,,,,,,,,,,,,,,
SN,DATE,TIME,LATITUDE,LONGITUDE,ALTITUDE,PRESSURE,SZA,TEMP,SIG305,SIG312,SIG320,SIG936,SIG1020,R305_312,R312_320,STD305_312,STD312_320,OZ305_312,OZ312_320,OZONE,WATER,AOT1020,ID
08442,02/05/2019,22:09:23,37.867,-122.267,   95,1003,59.18, 13.4,  75.23, 263.56, 264.15, 644.59, 985.67,0.2855,0.9978,0.007,0.004,312.1,332.3,300.2, 0.42, 0.025, 1
08442,02/05/2019,22:09:35,37.867,-122.267,   95,1003,59.20, 13.5,  75.06, 262.87, 262.84, 639.79, 976.71,0.2855,1.0001,0.002,0.001,311.9,331.0,300.6, 0.42, 0.029, 1
08442,02/05/2019,22:09:47,37.867,-122.267,   95,1003,59.22, 13.5,  74.22, 263.71, 263.07, 638.10, 974.17,0.2814,1.0025,0.008,0.005,314.2,329.6,305.1, 0.42, 0.031, 1
08442,02/05/2019,22:09:58,37.867,-122.267,   95,1003,59.24, 13.6,  74.31, 262.49, 262.59, 634.25, 973.34,0.2831,0.9996,0.005,0.003,313.0,330.7,302.5, 0.42, 0.031, 1
08442,02/05/2019,22:10:10,37.867,-122.267,   95,1003,59.26, 13.6,  74.30, 262.56, 262.07, 636.92, 982.23,0.2830,1.0019,0.003,0.002,312.9,329.4,303.1, 0.43, 0.026, 1
08442,02/05/2019,22:11:45,37.867,-122.267,   95,1003,59.42, 13.6,  70.43, 257.33, 254.10, 600.26, 922.48,0.2737,1.0128,0.022,0.015,317.2,322.5,314.0, 0.41, 0.058, 1
08442,02/05/2019,22:12:03,37.867,-122.267,   95,1003,59.45, 13.7,  68.75, 246.56, 246.93, 556.90, 854.84,0.2788,0.9983,0.015,0.008,313.6,328.8,304.5, 0.40, 0.097, 1
08442,02/05/2019,22:12:20,37.867,-122.267,   95,1003,59.48, 13.7,  66.68, 237.35, 242.43, 553.65, 847.36,0.2811,0.9790,0.030,0.022,311.9,337.6,296.6, 0.39, 0.101, 1
08442,02/05/2019,22:12:32,37.867,-122.267,   95,1003,59.50, 13.8,  66.95, 245.08, 247.69, 577.40, 886.50,0.2732,0.9895,0.007,0.014,316.7,332.4,307.3, 0.40, 0.078, 1
08442,02/05/2019,22:12:43,37.867,-122.267,   95,1003,59.52, 13.8,  70.31, 251.01, 254.08, 604.10, 926.97,0.2801,0.9879,0.012,0.011,312.1,332.9,299.7, 0.41, 0.056, 1
08442,02/05/2019,22:14:04,37.867,-122.267,   95,1004,59.65, 14.1,  66.36, 229.10, 239.44, 581.00, 900.84,0.2899,0.9567,0.030,0.036,304.7,346.1,280.1, 0.41, 0.070, 2
08442,02/05/2019,22:14:15,37.867,-122.267,   95,1004,59.67, 14.2,  70.05, 251.99, 255.93, 632.37, 969.75,0.2780,0.9846,0.003,0.004,311.8,332.5,299.5, 0.41, 0.032, 2
08442,02/05/2019,22:14:25,37.867,-122.267,   95,1004,59.69, 14.2,  69.66, 254.08, 255.51, 632.71, 975.34,0.2742,0.9944,0.003,0.003,314.1,327.7,305.9, 0.42, 0.030, 2
08442,02/05/2019,22:14:36,37.867,-122.267,   95,1004,59.71, 14.3,  69.27, 253.36, 255.35, 638.69, 987.30,0.2734,0.9922,0.010,0.001,314.3,328.5,305.9, 0.42, 0.023, 2
08442,02/05/2019,22:14:47,37.867,-122.267,   95,1004,59.73, 14.3,  69.05, 253.14, 254.62, 634.61, 981.44,0.2728,0.9942,0.006,0.001,314.6,327.4,307.0, 0.42, 0.026, 2
08442,02/05/2019,22:14:58,37.867,-122.267,   95,1004,59.75, 14.4,  69.21, 252.71, 254.94, 637.92, 984.84,0.2739,0.9913,0.002,0.002,313.7,328.5,304.8, 0.42, 0.025, 2
08442,02/05/2019,22:15:09,37.867,-122.267,   95,1004,59.76, 14.4,  68.95, 252.46, 254.10, 636.48, 972.89,0.2731,0.9936,0.002,0.003,314.0,327.2,306.1, 0.41, 0.031, 2
08442,02/05/2019,22:16:04,37.867,-122.267,   95,1003,59.86, 14.6,  66.70, 229.35, 245.20, 582.69, 900.21,0.2909,0.9355,0.015,0.029,302.1,354.0,271.3, 0.41, 0.070, 3
08442,02/05/2019,22:16:20,37.867,-122.267,   95,1003,59.89, 14.7,  67.48, 249.83, 252.03, 639.89, 982.93,0.2701,0.9913,0.004,0.002,314.6,326.9,307.4, 0.42, 0.025, 3
08442,02/05/2019,22:16:31,37.867,-122.267,   95,1003,59.91, 14.7,  67.83, 248.82, 252.85, 642.66, 986.01,0.2726,0.9841,0.002,0.002,312.9,330.0,302.7, 0.41, 0.024, 3
08442,02/05/2019,22:16:47,37.867,-122.267,   95,1003,59.93, 14.7,  67.54, 248.31, 251.81, 639.20, 972.89,0.2720,0.9861,0.008,0.006,313.0,328.7,303.6, 0.40, 0.031, 3
08442,02/05/2019,22:17:05,37.867,-122.267,   95,1003,59.97, 14.7,  67.31, 247.69, 251.96, 646.98, 992.04,0.2718,0.9830,0.004,0.005,312.8,329.8,302.7, 0.41, 0.021, 3
08442,02/05/2019,22:17:18,37.867,-122.267,   95,1003,59.99, 14.7,  66.92, 246.45, 251.85, 646.38, 994.92,0.2715,0.9786,0.004,0.004,312.7,331.6,301.5, 0.42, 0.019, 3
08442,02/05/2019,22:18:08,37.867,-122.267,   95,1002,60.08, 14.7,  63.93, 240.14, 242.77, 613.43, 925.04,0.2662,0.9893,0.021,0.017,315.2,325.6,309.0, 0.39, 0.056, 4
08442,02/05/2019,22:18:21,37.867,-122.267,   95,1003,60.10, 14.7,  65.08, 245.01, 247.15, 635.83, 965.67,0.2656,0.9914,0.010,0.009,315.3,324.2,310.0, 0.40, 0.034, 4
08442,02/05/2019,22:18:33,37.867,-122.267,   95,1003,60.12, 14.8,  65.12, 241.40, 246.77, 644.29, 990.27,0.2698,0.9782,0.007,0.005,312.5,330.1,302.0, 0.41, 0.021, 4
08442,02/05/2019,22:18:45,37.867,-122.267,   95,1002,60.14, 14.8,  64.98, 243.37, 247.67, 645.86, 989.41,0.2670,0.9826,0.009,0.002,314.1,327.9,305.8, 0.41, 0.022, 4
08442,02/05/2019,22:18:56,37.867,-122.267,   95,1003,60.16, 14.8,  65.10, 244.54, 248.50, 651.50, 992.80,0.2662,0.9841,0.004,0.003,314.3,326.9,306.8, 0.41, 0.020, 4
08442,02/05/2019,22:20:27,37.867,-122.267,   95,1002,60.32, 15.0,  63.54, 240.27, 245.86, 641.75, 989.96,0.2644,0.9773,0.003,0.003,313.8,328.2,305.3, 0.42, 0.021, 5
08442,02/05/2019,22:20:40,37.867,-122.267,   95,1002,60.35, 15.0,  63.43, 238.93, 244.96, 641.20, 990.75,0.2655,0.9754,0.004,0.003,312.9,328.7,303.5, 0.42, 0.021, 5
08442,02/05/2019,22:20:52,37.867,-122.267,   95,1003,60.37, 15.0,  59.16, 221.29, 231.12, 596.80, 924.27,0.2675,0.9576,0.026,0.030,311.4,336.8,296.3, 0.41, 0.055, 5
08442,02/05/2019,22:21:07,37.867,-122.267,   95,1003,60.39, 15.1,  62.74, 236.40, 243.37, 638.92, 992.56,0.2654,0.9714,0.004,0.004,312.4,330.0,302.0, 0.42, 0.020, 5
08442,02/05/2019,22:21:18,37.867,-122.267,   95,1002,60.41, 15.1,  62.64, 238.40, 243.73, 641.86, 995.06,0.2627,0.9781,0.003,0.003,314.0,326.6,306.4, 0.42, 0.019, 5
08442,02/05/2019,22:21:33,37.867,-122.267,   95,1002,60.44, 15.1,  62.42, 236.89, 243.71, 642.03, 994.55,0.2635,0.9720,0.002,0.003,313.2,329.2,303.7, 0.42, 0.019, 5
08442,02/05/2019,22:22:50,37.867,-122.267,   95,1002,60.58, 15.3,  61.15, 231.13, 240.26, 635.12, 979.24,0.2646,0.9620,0.007,0.007,311.0,332.1,298.5, 0.41, 0.027, 6
08442,02/05/2019,22:23:03,37.867,-122.267,   95,1003,60.60, 15.3,  61.12, 233.02, 241.21, 643.49, 992.41,0.2623,0.9661,0.005,0.002,312.2,329.8,301.8, 0.41, 0.020, 6
08442,02/05/2019,22:23:15,37.867,-122.267,   95,1002,60.62, 15.4,  60.79, 232.41, 240.67, 646.50, 997.42,0.2616,0.9657,0.006,0.006,312.5,329.8,302.2, 0.41, 0.018, 6
08442,02/05/2019,22:23:27,37.867,-122.267,   95,1003,60.65, 15.4,  60.77, 232.56, 240.56, 642.14, 986.00,0.2613,0.9668,0.006,0.006,312.4,328.9,302.6, 0.41, 0.023, 6
08442,02/05/2019,22:23:38,37.867,-122.267,   95,1003,60.67, 15.4,  60.59, 232.34, 240.23, 644.78, 995.87,0.2608,0.9672,0.005,0.006,312.5,328.5,303.0, 0.41, 0.018, 6
08442,02/05/2019,22:23:50,37.867,-122.267,   95,1003,60.69, 15.5,  60.10, 232.63, 240.00, 641.10, 986.87,0.2584,0.9693,0.005,0.003,313.9,327.2,305.9, 0.41, 0.023, 6
08442,02/05/2019,22:24:03,37.867,-122.267,   95,1003,60.71, 15.5,  60.21, 231.27, 238.99, 639.40, 985.01,0.2604,0.9677,0.004,0.002,312.3,327.7,303.2, 0.41, 0.024, 6
08442,02/05/2019,22:25:52,37.867,-122.267,   95,1003,60.91, 15.8,  58.35, 225.74, 235.41, 641.07, 996.98,0.2585,0.9589,0.007,0.006,311.4,329.3,300.8, 0.42, 0.017, 7
08442,02/05/2019,22:26:04,37.867,-122.267,   95,1003,60.93, 15.8,  58.09, 226.31, 235.57, 646.14, 998.50,0.2567,0.9607,0.006,0.005,312.4,328.1,303.0, 0.41, 0.017, 7
08442,02/05/2019,22:26:16,37.867,-122.267,   95,1003,60.96, 15.8,  57.88, 225.23, 234.96, 642.01, 990.81,0.2570,0.9586,0.011,0.006,311.9,328.9,301.9, 0.41, 0.020, 7
08442,02/05/2019,22:26:27,37.867,-122.267,   95,1003,60.98, 15.8,  57.93, 225.25, 234.78, 642.08, 991.53,0.2572,0.9594,0.006,0.006,311.6,328.2,301.7, 0.41, 0.020, 7
08442,02/05/2019,22:26:39,37.867,-122.267,   95,1003,61.00, 15.8,  57.63, 224.62, 235.09, 643.73, 991.36,0.2566,0.9555,0.008,0.008,311.7,329.8,301.0, 0.41, 0.020, 7
08442,02/05/2019,22:26:53,37.867,-122.267,   95,1003,61.03, 15.8,  56.88, 223.45, 233.58, 638.97, 979.19,0.2546,0.9566,0.012,0.002,312.8,328.9,303.2, 0.40, 0.026, 7
08442,02/05/2019,22:28:23,37.867,-122.267,   95,1003,61.19, 15.8,  55.95, 221.76, 231.69, 645.39, 988.95,0.2523,0.9572,0.007,0.005,312.5,326.5,304.1, 0.40, 0.021, 8
08442,02/05/2019,22:28:37,37.867,-122.267,   95,1003,61.22, 15.8,  55.95, 221.50, 231.29, 648.09, 989.81,0.2526,0.9576,0.005,0.003,312.0,325.9,303.7, 0.39, 0.021, 8
08442,02/05/2019,22:28:51,37.867,-122.267,   95,1003,61.25, 15.8,  55.33, 219.65, 229.80, 633.99, 971.23,0.2519,0.9558,0.008,0.005,312.2,326.4,303.7, 0.39, 0.030, 8
08442,02/05/2019,22:29:04,37.867,-122.267,   95,1003,61.27, 15.8,  54.98, 218.36, 228.60, 632.92, 975.01,0.2518,0.9552,0.009,0.004,311.9,326.4,303.3, 0.40, 0.028, 8
08442,02/05/2019,22:29:17,37.867,-122.267,   95,1003,61.30, 15.8,  54.94, 217.44, 229.60, 641.18, 993.70,0.2527,0.9470,0.013,0.009,311.1,329.9,299.9, 0.41, 0.019, 8
08442,02/05/2019,22:29:29,37.867,-122.267,   95,1003,61.32, 15.8,  53.35, 217.76, 226.46, 617.63, 944.39,0.2450,0.9616,0.019,0.005,316.0,322.9,311.8, 0.39, 0.043, 8
08442,02/05/2019,22:30:15,37.867,-122.267,   95,1003,61.41, 15.8,  52.55, 205.44, 219.57, 611.85, 937.90,0.2558,0.9355,0.013,0.017,307.9,333.9,292.4, 0.39, 0.046, 9
08442,02/05/2019,22:30:27,37.867,-122.267,   95,1003,61.43, 15.8,  53.68, 216.12, 227.10, 643.22, 996.64,0.2484,0.9516,0.007,0.004,312.5,326.1,304.5, 0.41, 0.017, 9
08442,02/05/2019,22:30:37,37.867,-122.267,   95,1003,61.45, 15.9,  53.27, 215.65, 226.46, 636.82, 986.43,0.2470,0.9522,0.004,0.002,313.2,325.5,305.9, 0.40, 0.022, 9
08442,02/05/2019,22:30:49,37.867,-122.267,   95,1003,61.47, 16.0,  53.31, 214.86, 226.23, 638.21, 987.54,0.2481,0.9497,0.005,0.004,312.2,326.4,303.8, 0.40, 0.022, 9
08442,02/05/2019,22:31:51,37.867,-122.267,   95,1004,61.59, 16.5,  52.11, 210.72, 223.86, 639.48, 991.07,0.2473,0.9413,0.011,0.009,311.4,328.7,301.2, 0.40, 0.020,10
08442,02/05/2019,22:32:02,37.867,-122.267,   95,1004,61.61, 16.5,  51.93, 211.34, 223.54, 640.33, 990.44,0.2457,0.9454,0.005,0.003,312.3,326.5,303.8, 0.40, 0.020,10
08442,02/05/2019,22:32:13,37.867,-122.267,   95,1004,61.63, 16.6,  51.90, 211.06, 223.37, 641.16, 993.38,0.2459,0.9449,0.003,0.002,311.9,326.5,303.3, 0.40, 0.019,10
08442,02/05/2019,22:32:23,37.867,-122.267,   95,1004,61.65, 16.6,  51.52, 210.54, 222.86, 639.66, 996.14,0.2447,0.9447,0.002,0.000,312.5,326.3,304.3, 0.41, 0.017,10
08442,02/05/2019,22:32:35,37.867,-122.267,   95,1004,61.67, 16.6,  51.36, 209.77, 222.08, 630.00, 979.15,0.2448,0.9445,0.004,0.004,312.2,326.1,303.9, 0.40, 0.025,10
08442,02/05/2019,22:33:22,37.867,-122.267,   95,1004,61.76, 16.6,  50.35, 202.24, 218.54, 605.05, 942.94,0.2491,0.9253,0.021,0.018,308.4,333.9,293.2, 0.40, 0.043,11
08442,02/05/2019,22:33:37,37.867,-122.267,   95,1004,61.79, 16.7,  49.84, 206.11, 219.01, 616.18, 970.99,0.2418,0.9411,0.005,0.007,312.9,326.1,305.0, 0.41, 0.029,11
08442,02/05/2019,22:33:49,37.867,-122.267,   95,1004,61.82, 16.7,  49.75, 206.35, 219.48, 622.78, 991.24,0.2411,0.9402,0.005,0.002,313.1,326.3,305.3, 0.43, 0.019,11
08442,02/05/2019,22:34:01,37.867,-122.267,   95,1004,61.84, 16.7,  49.48, 206.21, 218.84, 617.40, 976.12,0.2399,0.9423,0.010,0.002,313.6,325.0,306.9, 0.42, 0.027,11
08442,02/05/2019,22:34:14,37.867,-122.267,   95,1004,61.86, 16.7,  49.73, 203.26, 218.85, 624.46, 990.57,0.2447,0.9288,0.007,0.009,310.2,330.9,297.8, 0.42, 0.020,11
08442,02/05/2019,22:34:28,37.867,-122.267,   95,1004,61.89, 16.8,  49.60, 203.95, 218.51, 629.58, 999.84,0.2432,0.9333,0.004,0.004,310.9,328.4,300.4, 0.42, 0.015,11
08442,02/05/2019,22:35:30,37.867,-122.267,   95,1005,62.01, 16.9,  48.18, 200.97, 215.18, 620.99, 995.81,0.2398,0.9339,0.003,0.001,311.8,326.5,303.1, 0.43, 0.017,12
08442,02/05/2019,22:35:43,37.867,-122.267,   95,1005,62.04, 16.9,  47.87, 200.49, 214.86, 619.18, 991.94,0.2388,0.9331,0.004,0.002,312.2,326.5,303.6, 0.43, 0.019,12
08442,02/05/2019,22:35:55,37.867,-122.267,   95,1005,62.06, 16.9,  46.89, 199.93, 212.09, 603.16, 963.06,0.2346,0.9427,0.010,0.005,314.8,321.8,310.6, 0.42, 0.033,12
08442,02/05/2019,22:36:07,37.867,-122.267,   95,1004,62.09, 16.9,  47.07, 199.27, 212.65, 605.24, 967.68,0.2362,0.9371,0.004,0.000,313.4,324.2,307.0, 0.42, 0.031,12
08442,02/05/2019,22:36:19,37.867,-122.267,   95,1005,62.11, 16.9,  47.01, 197.61, 211.59, 599.25, 961.04,0.2379,0.9339,0.006,0.004,312.0,325.2,304.1, 0.42, 0.034,12
08442,02/05/2019,22:37:22,37.867,-122.267,   95,1005,62.23, 16.9,  46.13, 194.03, 210.49, 613.87, 983.91,0.2377,0.9218,0.007,0.013,310.7,329.2,299.7, 0.43, 0.023,13
08442,02/05/2019,22:37:38,37.867,-122.267,   95,1005,62.26, 16.9,  45.93, 194.96, 210.35, 617.64, 989.14,0.2356,0.9268,0.011,0.003,311.8,326.4,303.1, 0.43, 0.020,13
08442,02/05/2019,22:37:49,37.867,-122.267,   95,1004,62.29, 16.8,  45.58, 195.15, 209.78, 616.48, 986.81,0.2335,0.9303,0.004,0.002,313.0,324.6,306.1, 0.42, 0.021,13
08442,02/05/2019,22:38:00,37.867,-122.267,   95,1005,62.31, 16.8,  45.61, 194.33, 210.15, 622.79,1000.02,0.2347,0.9247,0.007,0.005,311.9,326.8,303.1, 0.43, 0.015,13
08442,02/05/2019,22:38:11,37.867,-122.267,   95,1005,62.33, 16.8,  45.57, 193.53, 210.12, 620.57, 997.31,0.2355,0.9210,0.008,0.007,311.1,328.3,301.0, 0.43, 0.016,13
08442,02/05/2019,22:38:22,37.867,-122.267,   95,1005,62.35, 16.8,  45.12, 193.03, 208.70, 618.01, 990.92,0.2337,0.9249,0.003,0.005,312.1,326.2,303.7, 0.43, 0.019,13
08442,02/05/2019,22:39:30,37.867,-122.267,   95,1004,62.49, 16.7,  44.22, 190.11, 206.72, 617.01, 987.81,0.2326,0.9196,0.003,0.002,311.4,326.9,302.2, 0.42, 0.020,14
08442,02/05/2019,22:39:47,37.867,-122.267,   95,1004,62.52, 16.7,  43.97, 189.85, 205.85, 615.71, 994.78,0.2316,0.9223,0.007,0.003,311.7,325.2,303.6, 0.43, 0.017,14
08442,02/05/2019,22:39:59,37.867,-122.267,   95,1004,62.55, 16.6,  43.68, 188.76, 205.11, 608.50, 979.65,0.2314,0.9203,0.006,0.002,311.5,325.8,303.1, 0.43, 0.024,14
08442,02/05/2019,22:40:14,37.867,-122.267,   95,1004,62.58, 16.6,  43.45, 186.97, 204.39, 608.30, 992.11,0.2324,0.9148,0.007,0.006,310.5,328.0,300.2, 0.44, 0.018,14
08442,02/05/2019,22:40:26,37.867,-122.267,   95,1004,62.60, 16.5,  43.10, 186.40, 203.20, 601.26, 973.82,0.2312,0.9173,0.014,0.013,311.0,326.4,301.9, 0.43, 0.027,14
08442,02/05/2019,22:40:39,37.867,-122.267,   95,1004,62.63, 16.5,  42.96, 187.07, 203.62, 605.66, 986.30,0.2296,0.9187,0.005,0.003,311.8,325.5,303.7, 0.44, 0.021,14
08442,02/05/2019,22:41:36,37.867,-122.267,   95,1003,62.74, 16.4,   0.07,   0.18,   0.20,   0.07,   0.22,0.4255,0.8951,0.059,0.031,213.4,335.0,141.2, 0.00, 3.885,15
08442,02/05/2019,22:43:32,37.867,-122.267,   95,1003,62.98, 16.5,  40.58, 180.51, 199.16, 612.71, 985.31,0.2248,0.9063,0.004,0.004,311.2,326.5,302.1, 0.42, 0.021,15
08442,02/05/2019,22:43:49,37.867,-122.267,   95,1003,63.01, 16.4,  40.26, 179.67, 198.52, 615.86, 998.20,0.2241,0.9050,0.008,0.002,311.3,326.6,302.3, 0.43, 0.015,15
08442,02/05/2019,22:44:48,37.867,-122.267,   95,1003,63.13, 16.3,  38.48, 172.86, 191.94, 578.40, 907.19,0.2225,0.9005,0.016,0.009,311.0,327.1,301.5, 0.38, 0.058,15
08442,02/05/2019,22:45:02,37.867,-122.267,   95,1003,63.16, 16.3,  39.03, 177.37, 195.36, 590.93, 928.56,0.2201,0.9079,0.010,0.007,312.4,323.2,306.0, 0.39, 0.048,15
08442,02/05/2019,22:45:17,37.867,-122.267,   95,1003,63.19, 16.3,  37.12, 167.64, 193.17, 584.19, 902.58,0.2215,0.8680,0.028,0.047,311.0,341.5,292.9, 0.37, 0.061,15
08442,02/05/2019,22:47:01,37.867,-122.267,   95,1003,63.41, 16.4,  37.27, 172.12, 192.74, 626.78, 992.78,0.2165,0.8930,0.002,0.003,312.0,326.7,303.3, 0.40, 0.017,16
08442,02/05/2019,22:47:54,37.867,-122.267,   95,1003,63.52, 16.4,  36.66, 171.50, 192.18, 628.34, 993.24,0.2137,0.8924,0.003,0.001,312.7,325.4,305.2, 0.40, 0.017,16
08442,02/05/2019,22:48:10,37.867,-122.267,   95,1003,63.55, 16.5,  36.54, 170.67, 191.67, 628.45, 993.91,0.2141,0.8904,0.006,0.002,312.1,325.9,303.9, 0.40, 0.017,16
08442,02/05/2019,22:48:22,37.867,-122.267,   95,1003,63.58, 16.5,  36.36, 170.24, 191.12, 622.29, 974.73,0.2136,0.8908,0.007,0.005,312.2,325.4,304.3, 0.38, 0.025,16
08442,02/05/2019,22:48:35,37.867,-122.267,   95,1004,63.60, 16.5,  36.19, 168.04, 190.58, 625.65, 980.51,0.2154,0.8817,0.011,0.012,310.5,329.1,299.5, 0.39, 0.023,16
08442,02/05/2019,22:48:48,37.867,-122.267,   95,1003,63.63, 16.5,  36.02, 168.48, 190.38, 625.90, 983.28,0.2138,0.8850,0.004,0.003,311.3,327.3,301.9, 0.39, 0.021,16
08442,02/05/2019,22:49:02,37.867,-122.267,   95,1003,63.66, 16.5,  35.73, 169.09, 190.46, 628.09, 993.96,0.2113,0.8878,0.008,0.001,312.8,325.6,305.2, 0.40, 0.017,16
08442,02/05/2019,22:50:33,37.867,-122.267,   95,1003,63.85, 16.8,  27.33, 134.41, 152.89, 457.38, 715.90,0.2038,0.8785,0.052,0.043,316.0,327.2,309.4, 0.34, 0.162,17
08442,02/05/2019,22:50:49,37.867,-122.267,   95,1003,63.89, 16.8,  34.15, 163.14, 184.93, 611.77, 978.16,0.2093,0.8822,0.003,0.002,311.5,325.0,303.5, 0.40, 0.023,17
08442,02/05/2019,22:51:01,37.867,-122.267,   95,1003,63.91, 16.8,  34.07, 163.24, 185.03, 615.23, 988.31,0.2087,0.8822,0.006,0.002,311.7,324.6,304.1, 0.41, 0.019,17
08442,02/05/2019,22:51:12,37.867,-122.267,   95,1002,63.94, 16.8,  34.04, 162.72, 185.30, 615.38, 987.72,0.2092,0.8782,0.003,0.001,311.1,326.2,302.1, 0.40, 0.019,17
08442,02/05/2019,22:51:24,37.867,-122.267,   95,1002,63.96, 16.8,  33.84, 162.00, 184.36, 614.02, 985.73,0.2089,0.8787,0.006,0.004,311.0,325.6,302.3, 0.40, 0.020,17
08442,02/05/2019,22:51:35,37.867,-122.267,   95,1002,63.98, 16.8,  33.67, 161.56, 184.22, 618.65,1001.54,0.2084,0.8770,0.002,0.005,311.1,326.1,302.2, 0.41, 0.013,17
08442,02/05/2019,22:54:08,37.867,-122.267,   95,1002,64.31, 16.5,  30.08, 139.60, 170.40, 572.31, 920.38,0.2162,0.8177,0.068,0.050,301.7,349.5,273.3, 0.39, 0.050,18
08442,02/05/2019,22:54:44,37.867,-122.267,   95,1002,64.39, 16.5,  29.78, 152.32, 174.79, 602.41, 965.65,0.1957,0.8714,0.049,0.023,315.6,322.8,311.4, 0.39, 0.029,18
08442,02/05/2019,22:55:45,37.867,-122.267,   95,1002,64.52, 16.2,  29.96, 151.55, 176.29, 616.41, 993.17,0.1977,0.8597,0.011,0.001,312.5,326.4,304.2, 0.40, 0.016,18
08442,02/05/2019,22:55:59,37.867,-122.267,   95,1002,64.55, 16.1,  30.11, 150.11, 174.97, 599.54, 958.88,0.2006,0.8579,0.005,0.007,310.0,326.7,300.0, 0.39, 0.031,18
08442,02/05/2019,22:56:39,37.867,-122.267,   95,1002,64.64, 16.0,  28.89, 147.02, 170.60, 576.34, 907.59,0.1967,0.8619,0.048,0.034,311.8,323.6,304.8, 0.37, 0.055,18
08442,02/05/2019,22:56:53,37.867,-122.267,   95,1002,64.67, 15.9,  29.33, 149.02, 173.78, 616.18, 988.59,0.1968,0.8575,0.002,0.002,311.3,325.2,303.1, 0.39, 0.018,18
08442,02/05/2019,22:57:07,37.867,-122.267,   95,1002,64.70, 15.9,  27.94, 142.53, 172.32, 589.18, 931.55,0.1963,0.8270,0.084,0.032,311.3,339.1,294.8, 0.37, 0.044,18
08442,02/05/2019,22:57:23,37.867,-122.267,   95,1002,64.73, 15.8,  28.96, 147.09, 172.97, 611.95, 994.02,0.1969,0.8504,0.009,0.003,310.5,327.5,300.4, 0.40, 0.016,18
08442,02/05/2019,22:59:14,37.867,-122.267,   95,1003,64.98, 16.0,  27.58, 143.32, 169.16, 612.11, 987.95,0.1925,0.8473,0.005,0.003,310.7,325.3,302.1, 0.39, 0.018,19
08442,02/05/2019,22:59:28,37.867,-122.267,   95,1002,65.01, 16.1,  27.21, 139.69, 167.77, 607.03, 986.10,0.1950,0.8326,0.035,0.034,308.5,331.7,294.7, 0.40, 0.019,19
08442,02/05/2019,22:59:57,37.867,-122.267,   95,1003,65.07, 16.2,  26.75, 140.95, 166.39, 599.06, 969.46,0.1898,0.8472,0.008,0.006,311.6,323.9,304.3, 0.39, 0.026,19
08442,02/05/2019,23:00:27,37.867,-122.267,   95,1003,65.13, 16.4,  25.46, 135.04, 161.49, 567.97, 914.49,0.1885,0.8363,0.017,0.024,311.9,328.1,302.3, 0.38, 0.051,19
08442,02/05/2019,23:00:53,37.867,-122.267,   95,1003,65.18, 16.4,  25.63, 138.41, 163.79, 588.92, 958.79,0.1852,0.8451,0.012,0.007,313.7,323.2,308.1, 0.39, 0.030,19
08442,02/05/2019,23:01:13,37.867,-122.267,   95,1003,65.23, 16.5,  25.57, 136.56, 163.02, 584.91, 959.00,0.1872,0.8377,0.013,0.007,311.6,325.9,303.0, 0.40, 0.030,19
08442,02/05/2019,23:01:26,37.867,-122.267,   95,1003,65.26, 16.5,  25.53, 137.26, 163.92, 598.57, 988.67,0.1860,0.8374,0.005,0.004,312.2,325.7,304.2, 0.41, 0.017,19
08442,02/05/2019,23:16:03,37.867,-122.267,   95,1004,67.26, 18.5,  15.76,  99.93, 132.20, 576.82, 965.12,0.1577,0.7559,0.016,0.017,308.6,331.9,294.8, 0.39, 0.025,20
08442,02/05/2019,23:16:17,37.867,-122.267,   95,1004,67.30, 18.5,  13.68,  82.37, 116.20, 460.40, 738.41,0.1669,0.7086,0.133,0.050,300.6,354.5,268.6, 0.32, 0.129,20
08442,02/05/2019,23:16:30,37.867,-122.267,   95,1004,67.33, 18.5,  15.59, 101.62, 131.76, 589.11, 978.38,0.1534,0.7712,0.007,0.003,311.4,323.7,304.1, 0.38, 0.019,20
08442,02/05/2019,23:16:42,37.867,-122.267,   95,1004,67.35, 18.6,  13.61,  86.70, 115.55, 499.38, 860.70,0.1571,0.7506,0.052,0.057,307.9,332.9,293.0, 0.39, 0.069,20
08442,02/05/2019,23:17:03,37.867,-122.267,   95,1004,67.40, 18.5,  13.52,  89.92, 119.44, 538.42, 900.15,0.1506,0.7523,0.084,0.040,312.9,331.3,301.9, 0.37, 0.052,20
08442,02/05/2019,23:17:15,37.867,-122.267,   95,1003,67.43, 18.5,  14.66,  94.67, 126.80, 560.48, 930.99,0.1551,0.7467,0.054,0.040,308.6,333.5,293.8, 0.37, 0.038,20
08442,02/05/2019,23:17:26,37.867,-122.267,   95,1004,67.46, 18.5,  14.55,  98.74, 128.66, 583.54, 965.16,0.1474,0.7675,0.048,0.013,314.9,323.2,310.0, 0.37, 0.025,20
08442,02/05/2019,23:20:23,37.867,-122.267,   95,1003,67.88, 18.2,  13.64,  93.33, 124.35, 593.27, 982.51,0.1462,0.7505,0.002,0.002,310.1,324.2,301.8, 0.37, 0.017,21
08442,02/05/2019,23:20:37,37.867,-122.267,   95,1003,67.91, 18.2,  13.03,  90.89, 120.02, 549.22, 892.28,0.1434,0.7573,0.013,0.007,312.2,320.5,307.2, 0.34, 0.054,21
08442,02/05/2019,23:21:03,37.867,-122.267,   95,1003,67.97, 18.2,  12.88,  90.27, 120.27, 562.47, 918.69,0.1427,0.7506,0.017,0.009,311.8,322.6,305.5, 0.35, 0.042,21
08442,02/05/2019,23:21:14,37.867,-122.267,   95,1003,68.00, 18.2,  11.01,  89.24, 121.66, 575.30, 948.91,0.1225,0.7337,0.317,0.038,331.3,330.0,332.1, 0.36, 0.030,21
08442,02/05/2019,23:21:37,37.867,-122.267,   95,1003,68.06, 18.3,  12.34,  87.69, 117.52, 544.33, 895.37,0.1408,0.7462,0.024,0.021,312.5,323.2,306.1, 0.35, 0.052,21
08442,02/05/2019,23:22:07,37.867,-122.267,   95,1003,68.13, 18.4,  12.71,  89.74, 120.65, 586.49, 984.35,0.1416,0.7438,0.006,0.002,310.7,323.1,303.3, 0.38, 0.016,21
08442,02/05/2019,23:22:19,37.867,-122.267,   95,1004,68.16, 18.4,  12.54,  88.92, 120.27, 584.83, 989.99,0.1410,0.7394,0.007,0.004,310.8,324.6,302.6, 0.39, 0.014,21
08442,02/05/2019,23:22:31,37.867,-122.267,   95,1004,68.19, 18.4,  12.39,  88.79, 119.88, 585.64, 986.32,0.1395,0.7406,0.008,0.003,311.7,323.5,304.7, 0.38, 0.015,21
08442,02/05/2019,23:24:40,37.867,-122.267,   95,1004,68.50, 18.4,  10.93,  82.35, 108.02, 531.26, 890.20,0.1327,0.7627,0.023,0.021,313.6,308.1,316.9, 0.36, 0.053,22
08442,02/05/2019,23:24:54,37.867,-122.267,   95,1005,68.53, 18.3,  11.25,  83.24, 114.18, 575.20, 961.20,0.1351,0.7290,0.006,0.004,310.8,322.9,303.6, 0.36, 0.025,22
08442,02/05/2019,23:25:19,37.867,-122.267,   95,1004,68.59, 18.3,  10.84,  81.94, 111.44, 550.73, 918.54,0.1323,0.7353,0.013,0.008,312.6,319.0,308.7, 0.36, 0.041,22
08442,02/05/2019,23:25:36,37.867,-122.267,   95,1005,68.63, 18.3,  10.75,  80.89, 110.35, 553.64, 919.99,0.1329,0.7330,0.015,0.009,311.4,319.3,306.7, 0.35, 0.040,22
08442,02/05/2019,23:26:08,37.867,-122.267,   95,1005,68.71, 18.2,  10.62,  80.06, 110.98, 569.67, 946.98,0.1327,0.7214,0.012,0.006,310.4,323.3,302.7, 0.36, 0.030,22
08442,02/05/2019,23:26:23,37.867,-122.267,   95,1005,68.75, 18.1,  10.59,  79.95, 111.02, 575.90, 963.42,0.1324,0.7202,0.006,0.008,310.2,323.3,302.4, 0.36, 0.023,22
08442,02/05/2019,23:26:57,37.867,-122.267,   95,1004,68.83, 18.0,   9.63,  75.13, 105.31, 524.90, 864.15,0.1282,0.7134,0.020,0.007,313.0,325.1,305.8, 0.34, 0.063,22
08442,02/05/2019,23:36:51,37.867,-122.267,   95,1004,70.30, 17.0,   6.24,  54.85,  86.29, 510.33, 888.09,0.1138,0.6356,0.012,0.012,304.9,335.3,286.8, 0.36, 0.049,23
08442,02/05/2019,23:37:19,37.867,-122.267,   95,1004,70.37, 17.0,   6.27,  57.95,  87.73, 542.32, 954.79,0.1082,0.6605,0.012,0.006,309.7,321.8,302.5, 0.37, 0.024,23
08442,02/05/2019,23:37:35,37.867,-122.267,   95,1004,70.41, 17.0,   6.19,  57.77,  87.51, 546.09, 965.14,0.1071,0.6601,0.014,0.002,310.3,321.3,303.7, 0.38, 0.020,23
08442,02/05/2019,23:37:49,37.867,-122.267,   95,1004,70.45, 17.1,   6.12,  56.93,  86.91, 543.17, 965.52,0.1075,0.6550,0.013,0.009,309.3,323.0,301.2, 0.38, 0.020,23
08442,02/05/2019,23:38:13,37.867,-122.267,   95,1004,70.51, 17.1,   6.03,  56.40,  86.18, 542.21, 961.03,0.1069,0.6545,0.005,0.006,308.9,322.1,301.1, 0.38, 0.022,23
08442,02/05/2019,23:38:25,37.867,-122.267,   95,1004,70.54, 17.1,   5.90,  56.25,  86.07, 543.19, 963.51,0.1049,0.6535,0.030,0.005,310.7,322.0,303.9, 0.38, 0.021,23
08442,02/05/2019,23:38:40,37.867,-122.267,   95,1004,70.58, 17.1,   5.85,  55.46,  85.11, 539.94, 961.14,0.1055,0.6516,0.005,0.004,309.4,322.2,301.7, 0.38, 0.022,23
08442,02/05/2019,23:39:43,37.867,-122.267,   95,1003,70.74, 17.1,   5.49,  53.58,  83.05, 532.18, 960.60,0.1025,0.6451,0.005,0.005,310.1,322.3,302.9, 0.39, 0.022,24
08442,02/05/2019,23:39:55,37.867,-122.267,   95,1003,70.77, 17.1,   5.44,  52.69,  82.49, 528.92, 961.99,0.1033,0.6388,0.011,0.009,308.8,324.8,299.3, 0.39, 0.021,24
08442,02/05/2019,23:40:07,37.867,-122.267,   95,1003,70.80, 17.1,   5.39,  52.65,  82.18, 530.82, 965.82,0.1024,0.6407,0.012,0.008,309.3,323.2,301.0, 0.39, 0.020,24
08442,02/05/2019,23:40:21,37.867,-122.267,   95,1003,70.83, 17.1,   5.31,  52.13,  81.72, 526.31, 948.18,0.1019,0.6380,0.009,0.006,309.3,323.9,300.7, 0.38, 0.026,24
08442,02/05/2019,23:40:35,37.867,-122.267,   95,1003,70.87, 17.2,   5.24,  52.07,  81.20, 528.93, 963.12,0.1007,0.6413,0.004,0.001,310.1,321.6,303.3, 0.39, 0.021,24
08442,02/05/2019,23:40:55,37.867,-122.267,   95,1004,70.92, 17.2,   5.19,  51.19,  80.75, 527.26, 967.83,0.1013,0.6339,0.014,0.007,308.5,324.0,299.3, 0.40, 0.019,24
08442,02/07/2019,19:52:44,37.867,-122.267,   95,1013,53.56, 16.7,   1.58,   3.43,   3.41,   6.28,  12.87,0.4669,0.9922,0.083,0.174,265.9,399.6,186.5, 0.11, 2.611,25
08442,02/07/2019,19:53:12,37.867,-122.267,   95,1013,53.54, 16.8,  28.77,  79.04,  70.63, 100.89, 200.37,0.3640,1.1191,0.010,0.007,316.6,334.2,306.2, 0.49, 0.978,25
08442,02/07/2019,19:53:26,37.867,-122.267,   95,1013,53.54, 16.9,  22.61,  61.01,  57.99,  80.96, 152.33,0.3781,1.0566,0.188,0.160,309.0,365.6,275.4, 0.38, 1.141,25
08442,02/07/2019,19:53:44,37.867,-122.267,   95,1013,53.53, 17.1,  29.41,  79.83,  73.95, 108.39, 217.48,0.3688,1.0793,0.042,0.030,314.1,354.1,290.3, 0.52, 0.929,25
08442,02/07/2019,19:53:57,37.867,-122.267,   95,1013,53.52, 17.2,  27.88,  76.12,  68.66, 100.99, 202.52,0.3663,1.1087,0.002,0.002,315.5,339.5,301.3, 0.51, 0.972,25
08442,02/07/2019,19:54:56,37.867,-122.267,   95,1014,53.49, 17.6,  27.10,  66.90,  67.74,  90.99, 177.76,0.4052,0.9874,0.024,0.013,295.2,402.9,231.2, 0.45, 1.050,26
08442,02/07/2019,19:55:08,37.867,-122.267,   95,1014,53.49, 17.7,  28.45,  77.12,  70.08,  97.23, 191.29,0.3689,1.1005,0.012,0.005,314.3,343.8,296.8, 0.48, 1.007,26
08442,02/07/2019,19:55:21,37.867,-122.267,   95,1014,53.48, 17.7,  23.30,  64.62,  58.10,  80.71, 158.46,0.3605,1.1123,0.014,0.009,319.1,338.0,307.8, 0.44, 1.119,26
08442,02/07/2019,19:55:32,37.867,-122.267,   95,1014,53.47, 17.7,  19.21,  52.01,  47.73,  62.39, 120.08,0.3693,1.0895,0.022,0.013,314.2,349.4,293.3, 0.37, 1.285,26
08442,02/07/2019,19:55:43,37.867,-122.267,   95,1014,53.47, 17.7,  18.85,  51.44,  46.53,  62.99, 124.17,0.3664,1.1055,0.004,0.004,315.8,341.5,300.6, 0.40, 1.265,26
08442,02/07/2019,19:55:55,37.867,-122.267,   95,1014,53.46, 17.7,  19.88,  52.70,  48.96,  66.45, 132.15,0.3772,1.0764,0.016,0.017,310.0,356.1,282.6, 0.42, 1.228,26
08442,02/07/2019,19:56:08,37.867,-122.267,   95,1014,53.46, 17.6,  18.60,  51.67,  46.36,  63.17, 123.49,0.3600,1.1143,0.016,0.004,319.5,337.3,309.0, 0.39, 1.269,26
08442,02/07/2019,21:43:50,37.867,-122.267,   95,1011,56.33, 16.1,   1.16,   3.10,   5.23,  36.26,  54.89,0.3942,1.4333,0.183,1.116,278.5,180.8,336.5, 0.06, 1.632,27
08442,02/07/2019,21:44:19,37.867,-122.267,   95,1011,56.37, 16.2,  76.85, 246.66, 238.60, 440.59, 934.69,0.3115,1.0338,0.005,0.003,322.8,346.7,308.5, 0.86, 0.056,27
08442,02/07/2019,21:44:32,37.867,-122.267,   95,1011,56.38, 16.3,  75.29, 241.93, 235.58, 438.93, 946.31,0.3112,1.0270,0.016,0.010,322.8,349.9,306.7, 0.88, 0.050,27
08442,02/07/2019,21:44:49,37.867,-122.267,   95,1012,56.41, 16.4,  74.50, 239.44, 231.35, 431.67, 928.18,0.3112,1.0350,0.003,0.001,322.6,345.6,308.9, 0.87, 0.060,27
08442,02/07/2019,21:45:01,37.867,-122.267,   95,1012,56.42, 16.5,  74.37, 237.35, 231.66, 430.35, 911.34,0.3133,1.0245,0.006,0.008,321.1,350.6,303.6, 0.85, 0.070,27
08442,02/07/2019,21:45:13,37.867,-122.267,   95,1012,56.44, 16.6,  73.49, 236.94, 229.96, 434.90, 935.24,0.3102,1.0304,0.003,0.005,322.9,347.5,308.3, 0.88, 0.056,27
08442,02/07/2019,21:45:24,37.867,-122.267,   95,1012,56.45, 16.7,  73.38, 237.59, 229.85, 435.38, 934.24,0.3089,1.0337,0.007,0.007,323.6,345.7,310.4, 0.87, 0.057,27
08442,02/07/2019,21:46:54,37.867,-122.267,   95,1012,56.57, 17.2,  72.69, 235.62, 229.27, 430.70, 923.85,0.3085,1.0277,0.004,0.005,322.7,347.3,308.1, 0.87, 0.062,28
08442,02/07/2019,21:47:49,37.867,-122.267,   95,1012,56.65, 17.2,  72.38, 237.75, 229.57, 435.28, 935.58,0.3044,1.0356,0.004,0.005,324.5,342.6,313.7, 0.87, 0.055,28
08442,02/07/2019,21:48:09,37.867,-122.267,   95,1013,56.68, 17.2,  72.33, 237.42, 229.88, 435.82, 930.63,0.3047,1.0328,0.006,0.003,324.0,343.5,312.4, 0.86, 0.058,28
08442,02/07/2019,21:48:24,37.867,-122.267,   95,1012,56.70, 17.2,  72.74, 238.77, 231.96, 440.15, 950.08,0.3047,1.0293,0.006,0.002,323.9,345.1,311.3, 0.88, 0.047,28
08442,02/07/2019,21:48:36,37.867,-122.267,   95,1013,56.71, 17.2,  72.69, 239.46, 232.45, 440.41, 943.98,0.3036,1.0302,0.007,0.002,324.4,344.4,312.5, 0.87, 0.050,28
08442,02/07/2019,21:52:13,37.867,-122.267,   95,1013,57.02, 17.9,  68.99, 225.47, 225.00, 434.22, 929.19,0.3060,1.0021,0.010,0.017,320.0,354.8,299.3, 0.85, 0.059,29
08442,02/07/2019,21:52:26,37.867,-122.267,   95,1013,57.04, 18.0,  64.90, 219.38, 215.59, 399.26, 837.36,0.2959,1.0175,0.015,0.025,326.1,347.0,313.7, 0.80, 0.115,29
08442,02/07/2019,21:52:42,37.867,-122.267,   95,1013,57.06, 18.1,  65.13, 220.81, 217.00, 392.39, 821.42,0.2951,1.0177,0.027,0.016,326.4,346.6,314.4, 0.79, 0.126,29
08442,02/07/2019,21:52:53,37.867,-122.267,   95,1014,57.08, 18.2,  68.47, 233.25, 223.90, 415.52, 872.46,0.2935,1.0420,0.027,0.018,327.2,334.6,322.8, 0.81, 0.093,29
08442,02/07/2019,21:53:05,37.867,-122.267,   95,1014,57.09, 18.2,  68.67, 229.62, 224.34, 425.80, 900.11,0.2991,1.0235,0.010,0.010,323.5,343.3,311.8, 0.83, 0.076,29
08442,02/07/2019,21:53:20,37.867,-122.267,   95,1014,57.12, 18.4,  66.33, 227.75, 219.77, 408.32, 858.97,0.2913,1.0363,0.028,0.025,328.2,336.8,323.1, 0.81, 0.101,29
08442,02/07/2019,21:54:52,37.867,-122.267,   95,1013,57.25, 19.0,  58.18, 199.87, 194.91, 372.95, 798.48,0.2910,1.0255,0.043,0.007,327.2,340.7,319.1, 0.82, 0.140,30
08442,02/07/2019,21:55:06,37.867,-122.267,   95,1014,57.27, 19.1,  58.41, 203.07, 193.63, 372.80, 797.75,0.2877,1.0488,0.029,0.009,329.1,329.2,329.0, 0.81, 0.141,30
08442,02/07/2019,21:55:40,37.867,-122.267,   95,1014,57.32, 19.3,  54.71, 185.32, 181.26, 341.59, 736.44,0.2953,1.0226,0.016,0.022,323.7,341.2,313.4, 0.81, 0.184,30
08442,02/07/2019,21:55:55,37.867,-122.267,   95,1013,57.34, 19.4,  46.21, 171.09, 157.43, 306.00, 659.59,0.2711,1.0855,0.058,0.034,339.4,311.4,356.0, 0.78, 0.243,30
08442,02/07/2019,21:56:07,37.867,-122.267,   95,1014,57.36, 19.5,  44.59, 157.79, 151.65, 283.03, 600.36,0.2827,1.0405,0.071,0.016,331.4,332.1,331.0, 0.74, 0.294,30
08442,02/07/2019,21:58:17,37.867,-122.267,   95,1014,57.56, 19.9,  62.92, 220.10, 217.87, 431.94, 929.89,0.2859,1.0102,0.057,0.006,327.4,344.5,317.3, 0.85, 0.057,31
08442,02/07/2019,21:59:35,37.867,-122.267,   95,1013,57.68, 19.7,  62.57, 214.77, 211.57, 426.58, 927.32,0.2913,1.0151,0.006,0.002,322.9,340.8,312.2, 0.86, 0.058,31
08442,02/07/2019,21:59:48,37.867,-122.267,   95,1013,57.70, 19.6,  61.43, 209.85, 208.41, 426.87, 943.51,0.2927,1.0069,0.006,0.007,321.8,344.6,308.2, 0.89, 0.049,31
08442,02/07/2019,22:00:02,37.867,-122.267,   95,1012,57.70, 19.6,  61.83, 211.25, 209.81, 423.21, 919.26,0.2927,1.0069,0.008,0.007,321.8,344.6,308.2, 0.86, 0.063,31
08442,02/07/2019,22:00:14,37.867,-122.267,   95,1012,57.72, 19.5,  60.44, 207.04, 205.66, 414.12, 891.56,0.2920,1.0067,0.009,0.011,322.0,344.4,308.8, 0.84, 0.079,31
08442,02/07/2019,22:00:26,37.867,-122.267,   95,1012,57.74, 19.5,  61.31, 208.85, 207.75, 422.90, 914.36,0.2935,1.0053,0.003,0.006,320.9,344.9,306.6, 0.85, 0.066,31
08442,02/07/2019,22:01:32,37.867,-122.267,   95,1012,57.84, 19.3,  58.45, 200.82, 200.27, 423.96, 935.66,0.2910,1.0027,0.005,0.008,321.4,345.0,307.5, 0.88, 0.053,32
08442,02/07/2019,22:01:47,37.867,-122.267,   95,1012,57.87, 19.2,  58.47, 203.23, 201.81, 424.11, 934.00,0.2877,1.0070,0.004,0.001,323.3,342.6,311.9, 0.88, 0.054,32
08442,02/07/2019,22:02:01,37.867,-122.267,   95,1012,57.89, 19.2,  57.47, 200.98, 199.09, 420.59, 923.85,0.2859,1.0095,0.011,0.007,324.2,341.1,314.2, 0.87, 0.060,32
08442,02/07/2019,22:02:13,37.867,-122.267,   95,1012,57.91, 19.3,  57.62, 201.05, 199.55, 423.36, 937.24,0.2866,1.0075,0.007,0.004,323.6,341.9,312.8, 0.88, 0.052,32
08442,02/07/2019,22:02:26,37.867,-122.267,   95,1012,57.93, 19.3,  58.37, 202.39, 201.99, 426.00, 941.31,0.2884,1.0020,0.006,0.006,322.3,344.3,309.2, 0.88, 0.050,32
08442,02/07/2019,22:02:43,37.867,-122.267,   95,1012,57.96, 19.3,  51.59, 179.45, 178.61, 392.95, 869.76,0.2875,1.0047,0.005,0.005,322.6,342.7,310.7, 0.86, 0.092,32
08442,02/07/2019,22:03:14,37.867,-122.267,   95,1012,58.00, 19.4,  54.11, 191.46, 188.66, 405.77, 901.18,0.2826,1.0148,0.007,0.002,325.2,337.3,318.1, 0.88, 0.073,32
08442,02/07/2019,22:03:29,37.867,-122.267,   95,1013,58.03, 19.5,  55.06, 192.00, 191.94, 421.41, 936.21,0.2868,1.0003,0.004,0.003,322.3,343.9,309.5, 0.88, 0.053,32
08442,02/07/2019,22:08:01,37.867,-122.267,   95,1011,58.47, 18.9,  47.10, 159.91, 170.38, 390.99, 904.01,0.2946,0.9386,0.016,0.024,313.3,369.5,279.9, 0.92, 0.070,33
08442,02/07/2019,22:08:20,37.867,-122.267,   95,1011,58.50, 18.9,  46.41, 156.63, 164.69, 380.81, 898.21,0.2963,0.9511,0.015,0.006,311.9,362.8,281.7, 0.95, 0.074,33
08442,02/07/2019,22:08:32,37.867,-122.267,   95,1011,58.52, 18.8,  51.20, 175.82, 159.89, 349.42, 855.66,0.2912,1.0997,0.006,0.009,314.8,292.8,327.9, 0.99, 0.099,33
08442,02/07/2019,22:08:45,37.867,-122.267,   95,1011,58.54, 18.8,  45.15, 162.28, 153.65, 310.17, 728.49,0.2782,1.0562,0.009,0.007,322.8,311.9,329.2, 0.89, 0.183,33
08442,02/07/2019,22:09:02,37.867,-122.267,   95,1011,58.57, 18.7,  38.28, 138.88, 129.52, 301.88, 743.55,0.2756,1.0723,0.013,0.016,324.2,304.4,336.0, 0.96, 0.172,33
08442,02/07/2019,22:09:13,37.867,-122.267,   95,1011,58.59, 18.7,  29.64, 102.83,  93.78, 220.68, 535.65,0.2883,1.0967,0.011,0.006,316.0,293.4,329.4, 0.87, 0.344,33
08442,02/07/2019,22:10:01,37.867,-122.267,   95,1010,58.67, 18.4,  27.26,  99.52, 102.06, 216.04, 428.37,0.2739,0.9753,0.007,0.038,324.4,348.7,309.9, 0.57, 0.459,33
